0 0 1 1 2
0.333333333333333 0 1 1 2
0.666666666666667 0 1 1 2
1 0 1 1 2
1.33333333333333 0 1 1 2
1.66666666666667 0 1 1 2
2 0 1 1 2
2.33333333333333 0 1 1 2
2.66666666666667 0 1 1 2
3 0 1 1 2
0 0.333333333333333 1 1 2
0.333333333333333 0.333333333333333 1 1 2
0.666666666666667 0.333333333333333 1 1 2
1 0.333333333333333 1 1 2
1.33333333333333 0.333333333333333 1 1 2
1.66666666666667 0.333333333333333 1 1 2
2 0.333333333333333 1 1 2
2.33333333333333 0.333333333333333 1 1 2
2.66666666666667 0.333333333333333 1 1 2
3 0.333333333333333 1 1 2
0 0.666666666666667 1 1 2
0.333333333333333 0.666666666666667 1 1 2
0.666666666666667 0.666666666666667 1 1 2
1 0.666666666666667 1 1 2
1.33333333333333 0.666666666666667 1 1 2
1.66666666666667 0.666666666666667 1 1 2
2 0.666666666666667 1 1 2
2.33333333333333 0.666666666666667 1 1 2
2.66666666666667 0.666666666666667 1 1 2
3 0.666666666666667 1 1 2
0 1 1 1 2
0.333333333333333 1 1 1 2
0.666666666666667 1 1 1 2
1 1 1 1 2
1.33333333333333 1 1 1 2
1.66666666666667 1 1 1 2
2 1 1 1 2
2.33333333333333 1 1 1 2
2.66666666666667 1 1 1 2
3 1 1 1 2
0 1.33333333333333 1 1 2
0.333333333333333 1.33333333333333 1 1 2
0.666666666666667 1.33333333333333 1 1 2
1 1.33333333333333 1 1 2
1.33333333333333 1.33333333333333 1 1 2
1.66666666666667 1.33333333333333 1 1 2
2 1.33333333333333 1 1 2
2.33333333333333 1.33333333333333 1 1 2
2.66666666666667 1.33333333333333 1 1 2
3 1.33333333333333 1 1 2
0 1.66666666666667 1 1 2
0.333333333333333 1.66666666666667 1 1 2
0.666666666666667 1.66666666666667 1 1 2
1 1.66666666666667 1 1 2
1.33333333333333 1.66666666666667 1 1 2
1.66666666666667 1.66666666666667 1 1 2
2 1.66666666666667 1 1 2
2.33333333333333 1.66666666666667 1 1 2
2.66666666666667 1.66666666666667 1 1 2
3 1.66666666666667 1 1 2
0 2 1 1 2
0.333333333333333 2 1 1 2
0.666666666666667 2 1 1 2
1 2 1 1 2
1.33333333333333 2 1 1 2
1.66666666666667 2 1 1 2
2 2 1 1 2
2.33333333333333 2 1 1 2
2.66666666666667 2 1 1 2
3 2 1 1 2
0 2.33333333333333 1 1 2
0.333333333333333 2.33333333333333 1 1 2
0.666666666666667 2.33333333333333 1 1 2
1 2.33333333333333 1 1 2
1.33333333333333 2.33333333333333 1 1 2
1.66666666666667 2.33333333333333 1 1 2
2 2.33333333333333 1 1 2
2.33333333333333 2.33333333333333 1 1 2
2.66666666666667 2.33333333333333 1 1 2
3 2.33333333333333 1 1 2
0 2.66666666666667 1 1 2
0.333333333333333 2.66666666666667 1 1 2
0.666666666666667 2.66666666666667 1 1 2
1 2.66666666666667 1 1 2
1.33333333333333 2.66666666666667 1 1 2
1.66666666666667 2.66666666666667 1 1 2
2 2.66666666666667 1 1 2
2.33333333333333 2.66666666666667 1 1 2
2.66666666666667 2.66666666666667 1 1 2
3 2.66666666666667 1 1 2
0 3 1 1 2
0.333333333333333 3 1 1 2
0.666666666666667 3 1 1 2
1 3 1 1 2
1.33333333333333 3 1 1 2
1.66666666666667 3 1 1 2
2 3 1 1 2
2.33333333333333 3 1 1 2
2.66666666666667 3 1 1 2
3 3 1 1 2
0 0 2 1 2
0.333333333333333 0 2 1 2
0.666666666666667 0 2 1 2
1 0 2 1 2
1.33333333333333 0 2 1 2
1.66666666666667 0 2 1 2
2 0 2 1 2
2.33333333333333 0 2 1 2
2.66666666666667 0 2 1 2
3 0 2 1 2
0 0.333333333333333 2 1 2
0.333333333333333 0.333333333333333 2 1 2
0.666666666666667 0.333333333333333 2 1 2
1 0.333333333333333 2 1 2
1.33333333333333 0.333333333333333 2 1 2
1.66666666666667 0.333333333333333 2 1 2
2 0.333333333333333 2 1 2
2.33333333333333 0.333333333333333 2 1 2
2.66666666666667 0.333333333333333 2 1 2
3 0.333333333333333 2 1 2
0 0.666666666666667 2 1 2
0.333333333333333 0.666666666666667 2 1 2
0.666666666666667 0.666666666666667 2 1 2
1 0.666666666666667 2 1 2
1.33333333333333 0.666666666666667 2 1 2
1.66666666666667 0.666666666666667 2 1 2
2 0.666666666666667 2 1 2
2.33333333333333 0.666666666666667 2 1 2
2.66666666666667 0.666666666666667 2 1 2
3 0.666666666666667 2 1 2
0 1 2 1 2
0.333333333333333 1 2 1 2
0.666666666666667 1 2 1 2
1 1 2 1 2
1.33333333333333 1 2 1 2
1.66666666666667 1 2 1 2
2 1 2 1 2
2.33333333333333 1 2 1 2
2.66666666666667 1 2 1 2
3 1 2 1 2
0 1.33333333333333 2 1 2
0.333333333333333 1.33333333333333 2 1 2
0.666666666666667 1.33333333333333 2 1 2
1 1.33333333333333 2 1 2
1.33333333333333 1.33333333333333 2 1 2
1.66666666666667 1.33333333333333 2 1 2
2 1.33333333333333 2 1 2
2.33333333333333 1.33333333333333 2 1 2
2.66666666666667 1.33333333333333 2 1 2
3 1.33333333333333 2 1 2
0 1.66666666666667 2 1 2
0.333333333333333 1.66666666666667 2 1 2
0.666666666666667 1.66666666666667 2 1 2
1 1.66666666666667 2 1 2
1.33333333333333 1.66666666666667 2 1 2
1.66666666666667 1.66666666666667 2 1 2
2 1.66666666666667 2 1 2
2.33333333333333 1.66666666666667 2 1 2
2.66666666666667 1.66666666666667 2 1 2
3 1.66666666666667 2 1 2
0 2 2 1 2
0.333333333333333 2 2 1 2
0.666666666666667 2 2 1 2
1 2 2 1 2
1.33333333333333 2 2 1 2
1.66666666666667 2 2 1 2
2 2 2 1 2
2.33333333333333 2 2 1 2
2.66666666666667 2 2 1 2
3 2 2 1 2
0 2.33333333333333 2 1 2
0.333333333333333 2.33333333333333 2 1 2
0.666666666666667 2.33333333333333 2 1 2
1 2.33333333333333 2 1 2
1.33333333333333 2.33333333333333 2 1 2
1.66666666666667 2.33333333333333 2 1 2
2 2.33333333333333 2 1 2
2.33333333333333 2.33333333333333 2 1 2
2.66666666666667 2.33333333333333 2 1 2
3 2.33333333333333 2 1 2
0 2.66666666666667 2 1 2
0.333333333333333 2.66666666666667 2 1 2
0.666666666666667 2.66666666666667 2 1 2
1 2.66666666666667 2 1 2
1.33333333333333 2.66666666666667 2 1 2
1.66666666666667 2.66666666666667 2 1 2
2 2.66666666666667 2 1 2
2.33333333333333 2.66666666666667 2 1 2
2.66666666666667 2.66666666666667 2 1 2
3 2.66666666666667 2 1 2
0 3 2 1 2
0.333333333333333 3 2 1 2
0.666666666666667 3 2 1 2
1 3 2 1 2
1.33333333333333 3 2 1 2
1.66666666666667 3 2 1 2
2 3 2 1 2
2.33333333333333 3 2 1 2
2.66666666666667 3 2 1 2
3 3 2 1 2
0 0 3 1 2
0.333333333333333 0 3 1 2
0.666666666666667 0 3 1 2
1 0 3 1 2
1.33333333333333 0 3 1 2
1.66666666666667 0 3 1 2
2 0 3 1 2
2.33333333333333 0 3 1 2
2.66666666666667 0 3 1 2
3 0 3 1 2
0 0.333333333333333 3 1 2
0.333333333333333 0.333333333333333 3 1 2
0.666666666666667 0.333333333333333 3 1 2
1 0.333333333333333 3 1 2
1.33333333333333 0.333333333333333 3 1 2
1.66666666666667 0.333333333333333 3 1 2
2 0.333333333333333 3 1 2
2.33333333333333 0.333333333333333 3 1 2
2.66666666666667 0.333333333333333 3 1 2
3 0.333333333333333 3 1 2
0 0.666666666666667 3 1 2
0.333333333333333 0.666666666666667 3 1 2
0.666666666666667 0.666666666666667 3 1 2
1 0.666666666666667 3 1 2
1.33333333333333 0.666666666666667 3 1 2
1.66666666666667 0.666666666666667 3 1 2
2 0.666666666666667 3 1 2
2.33333333333333 0.666666666666667 3 1 2
2.66666666666667 0.666666666666667 3 1 2
3 0.666666666666667 3 1 2
0 1 3 1 2
0.333333333333333 1 3 1 2
0.666666666666667 1 3 1 2
1 1 3 1 2
1.33333333333333 1 3 1 2
1.66666666666667 1 3 1 2
2 1 3 1 2
2.33333333333333 1 3 1 2
2.66666666666667 1 3 1 2
3 1 3 1 2
0 1.33333333333333 3 1 2
0.333333333333333 1.33333333333333 3 1 2
0.666666666666667 1.33333333333333 3 1 2
1 1.33333333333333 3 1 2
1.33333333333333 1.33333333333333 3 1 2
1.66666666666667 1.33333333333333 3 1 2
2 1.33333333333333 3 1 2
2.33333333333333 1.33333333333333 3 1 2
2.66666666666667 1.33333333333333 3 1 2
3 1.33333333333333 3 1 2
0 1.66666666666667 3 1 2
0.333333333333333 1.66666666666667 3 1 2
0.666666666666667 1.66666666666667 3 1 2
1 1.66666666666667 3 1 2
1.33333333333333 1.66666666666667 3 1 2
1.66666666666667 1.66666666666667 3 1 2
2 1.66666666666667 3 1 2
2.33333333333333 1.66666666666667 3 1 2
2.66666666666667 1.66666666666667 3 1 2
3 1.66666666666667 3 1 2
0 2 3 1 2
0.333333333333333 2 3 1 2
0.666666666666667 2 3 1 2
1 2 3 1 2
1.33333333333333 2 3 1 2
1.66666666666667 2 3 1 2
2 2 3 1 2
2.33333333333333 2 3 1 2
2.66666666666667 2 3 1 2
3 2 3 1 2
0 2.33333333333333 3 1 2
0.333333333333333 2.33333333333333 3 1 2
0.666666666666667 2.33333333333333 3 1 2
1 2.33333333333333 3 1 2
1.33333333333333 2.33333333333333 3 1 2
1.66666666666667 2.33333333333333 3 1 2
2 2.33333333333333 3 1 2
2.33333333333333 2.33333333333333 3 1 2
2.66666666666667 2.33333333333333 3 1 2
3 2.33333333333333 3 1 2
0 2.66666666666667 3 1 2
0.333333333333333 2.66666666666667 3 1 2
0.666666666666667 2.66666666666667 3 1 2
1 2.66666666666667 3 1 2
1.33333333333333 2.66666666666667 3 1 2
1.66666666666667 2.66666666666667 3 1 2
2 2.66666666666667 3 1 2
2.33333333333333 2.66666666666667 3 1 2
2.66666666666667 2.66666666666667 3 1 2
3 2.66666666666667 3 1 2
0 3 3 1 2
0.333333333333333 3 3 1 2
0.666666666666667 3 3 1 2
1 3 3 1 2
1.33333333333333 3 3 1 2
1.66666666666667 3 3 1 2
2 3 3 1 2
2.33333333333333 3 3 1 2
2.66666666666667 3 3 1 2
3 3 3 1 2
0 0 1 2 2
0.333333333333333 0 1 2 2
0.666666666666667 0 1 2 2
1 0 1 2 2
1.33333333333333 0 1 2 2
1.66666666666667 0 1 2 2
2 0 1 2 2
2.33333333333333 0 1 2 2
2.66666666666667 0 1 2 2
3 0 1 2 2
0 0.333333333333333 1 2 2
0.333333333333333 0.333333333333333 1 2 2
0.666666666666667 0.333333333333333 1 2 2
1 0.333333333333333 1 2 2
1.33333333333333 0.333333333333333 1 2 2
1.66666666666667 0.333333333333333 1 2 2
2 0.333333333333333 1 2 2
2.33333333333333 0.333333333333333 1 2 2
2.66666666666667 0.333333333333333 1 2 2
3 0.333333333333333 1 2 2
0 0.666666666666667 1 2 2
0.333333333333333 0.666666666666667 1 2 2
0.666666666666667 0.666666666666667 1 2 2
1 0.666666666666667 1 2 2
1.33333333333333 0.666666666666667 1 2 2
1.66666666666667 0.666666666666667 1 2 2
2 0.666666666666667 1 2 2
2.33333333333333 0.666666666666667 1 2 2
2.66666666666667 0.666666666666667 1 2 2
3 0.666666666666667 1 2 2
0 1 1 2 2
0.333333333333333 1 1 2 2
0.666666666666667 1 1 2 2
1 1 1 2 2
1.33333333333333 1 1 2 2
1.66666666666667 1 1 2 2
2 1 1 2 2
2.33333333333333 1 1 2 2
2.66666666666667 1 1 2 2
3 1 1 2 2
0 1.33333333333333 1 2 2
0.333333333333333 1.33333333333333 1 2 2
0.666666666666667 1.33333333333333 1 2 2
1 1.33333333333333 1 2 2
1.33333333333333 1.33333333333333 1 2 2
1.66666666666667 1.33333333333333 1 2 2
2 1.33333333333333 1 2 2
2.33333333333333 1.33333333333333 1 2 2
2.66666666666667 1.33333333333333 1 2 2
3 1.33333333333333 1 2 2
0 1.66666666666667 1 2 2
0.333333333333333 1.66666666666667 1 2 2
0.666666666666667 1.66666666666667 1 2 2
1 1.66666666666667 1 2 2
1.33333333333333 1.66666666666667 1 2 2
1.66666666666667 1.66666666666667 1 2 2
2 1.66666666666667 1 2 2
2.33333333333333 1.66666666666667 1 2 2
2.66666666666667 1.66666666666667 1 2 2
3 1.66666666666667 1 2 2
0 2 1 2 2
0.333333333333333 2 1 2 2
0.666666666666667 2 1 2 2
1 2 1 2 2
1.33333333333333 2 1 2 2
1.66666666666667 2 1 2 2
2 2 1 2 2
2.33333333333333 2 1 2 2
2.66666666666667 2 1 2 2
3 2 1 2 2
0 2.33333333333333 1 2 2
0.333333333333333 2.33333333333333 1 2 2
0.666666666666667 2.33333333333333 1 2 2
1 2.33333333333333 1 2 2
1.33333333333333 2.33333333333333 1 2 2
1.66666666666667 2.33333333333333 1 2 2
2 2.33333333333333 1 2 2
2.33333333333333 2.33333333333333 1 2 2
2.66666666666667 2.33333333333333 1 2 2
3 2.33333333333333 1 2 2
0 2.66666666666667 1 2 2
0.333333333333333 2.66666666666667 1 2 2
0.666666666666667 2.66666666666667 1 2 2
1 2.66666666666667 1 2 2
1.33333333333333 2.66666666666667 1 2 2
1.66666666666667 2.66666666666667 1 2 2
2 2.66666666666667 1 2 2
2.33333333333333 2.66666666666667 1 2 2
2.66666666666667 2.66666666666667 1 2 2
3 2.66666666666667 1 2 2
0 3 1 2 2
0.333333333333333 3 1 2 2
0.666666666666667 3 1 2 2
1 3 1 2 2
1.33333333333333 3 1 2 2
1.66666666666667 3 1 2 2
2 3 1 2 2
2.33333333333333 3 1 2 2
2.66666666666667 3 1 2 2
3 3 1 2 2
0 0 2 2 2
0.333333333333333 0 2 2 2
0.666666666666667 0 2 2 2
1 0 2 2 2
1.33333333333333 0 2 2 2
1.66666666666667 0 2 2 2
2 0 2 2 2
2.33333333333333 0 2 2 2
2.66666666666667 0 2 2 2
3 0 2 2 2
0 0.333333333333333 2 2 2
0.333333333333333 0.333333333333333 2 2 2
0.666666666666667 0.333333333333333 2 2 2
1 0.333333333333333 2 2 2
1.33333333333333 0.333333333333333 2 2 2
1.66666666666667 0.333333333333333 2 2 2
2 0.333333333333333 2 2 2
2.33333333333333 0.333333333333333 2 2 2
2.66666666666667 0.333333333333333 2 2 2
3 0.333333333333333 2 2 2
0 0.666666666666667 2 2 2
0.333333333333333 0.666666666666667 2 2 2
0.666666666666667 0.666666666666667 2 2 2
1 0.666666666666667 2 2 2
1.33333333333333 0.666666666666667 2 2 2
1.66666666666667 0.666666666666667 2 2 2
2 0.666666666666667 2 2 2
2.33333333333333 0.666666666666667 2 2 2
2.66666666666667 0.666666666666667 2 2 2
3 0.666666666666667 2 2 2
0 1 2 2 2
0.333333333333333 1 2 2 2
0.666666666666667 1 2 2 2
1 1 2 2 2
1.33333333333333 1 2 2 2
1.66666666666667 1 2 2 2
2 1 2 2 2
2.33333333333333 1 2 2 2
2.66666666666667 1 2 2 2
3 1 2 2 2
0 1.33333333333333 2 2 2
0.333333333333333 1.33333333333333 2 2 2
0.666666666666667 1.33333333333333 2 2 2
1 1.33333333333333 2 2 2
1.33333333333333 1.33333333333333 2 2 2
1.66666666666667 1.33333333333333 2 2 2
2 1.33333333333333 2 2 2
2.33333333333333 1.33333333333333 2 2 2
2.66666666666667 1.33333333333333 2 2 2
3 1.33333333333333 2 2 2
0 1.66666666666667 2 2 2
0.333333333333333 1.66666666666667 2 2 2
0.666666666666667 1.66666666666667 2 2 2
1 1.66666666666667 2 2 2
1.33333333333333 1.66666666666667 2 2 2
1.66666666666667 1.66666666666667 2 2 2
2 1.66666666666667 2 2 2
2.33333333333333 1.66666666666667 2 2 2
2.66666666666667 1.66666666666667 2 2 2
3 1.66666666666667 2 2 2
0 2 2 2 2
0.333333333333333 2 2 2 2
0.666666666666667 2 2 2 2
1 2 2 2 2
1.33333333333333 2 2 2 2
1.66666666666667 2 2 2 2
2 2 2 2 2
2.33333333333333 2 2 2 2
2.66666666666667 2 2 2 2
3 2 2 2 2
0 2.33333333333333 2 2 2
0.333333333333333 2.33333333333333 2 2 2
0.666666666666667 2.33333333333333 2 2 2
1 2.33333333333333 2 2 2
1.33333333333333 2.33333333333333 2 2 2
1.66666666666667 2.33333333333333 2 2 2
2 2.33333333333333 2 2 2
2.33333333333333 2.33333333333333 2 2 2
2.66666666666667 2.33333333333333 2 2 2
3 2.33333333333333 2 2 2
0 2.66666666666667 2 2 2
0.333333333333333 2.66666666666667 2 2 2
0.666666666666667 2.66666666666667 2 2 2
1 2.66666666666667 2 2 2
1.33333333333333 2.66666666666667 2 2 2
1.66666666666667 2.66666666666667 2 2 2
2 2.66666666666667 2 2 2
2.33333333333333 2.66666666666667 2 2 2
2.66666666666667 2.66666666666667 2 2 2
3 2.66666666666667 2 2 2
0 3 2 2 2
0.333333333333333 3 2 2 2
0.666666666666667 3 2 2 2
1 3 2 2 2
1.33333333333333 3 2 2 2
1.66666666666667 3 2 2 2
2 3 2 2 2
2.33333333333333 3 2 2 2
2.66666666666667 3 2 2 2
3 3 2 2 2
0 0 3 2 2
0.333333333333333 0 3 2 2
0.666666666666667 0 3 2 2
1 0 3 2 2
1.33333333333333 0 3 2 2
1.66666666666667 0 3 2 2
2 0 3 2 2
2.33333333333333 0 3 2 2
2.66666666666667 0 3 2 2
3 0 3 2 2
0 0.333333333333333 3 2 2
0.333333333333333 0.333333333333333 3 2 2
0.666666666666667 0.333333333333333 3 2 2
1 0.333333333333333 3 2 2
1.33333333333333 0.333333333333333 3 2 2
1.66666666666667 0.333333333333333 3 2 2
2 0.333333333333333 3 2 2
2.33333333333333 0.333333333333333 3 2 2
2.66666666666667 0.333333333333333 3 2 2
3 0.333333333333333 3 2 2
0 0.666666666666667 3 2 2
0.333333333333333 0.666666666666667 3 2 2
0.666666666666667 0.666666666666667 3 2 2
1 0.666666666666667 3 2 2
1.33333333333333 0.666666666666667 3 2 2
1.66666666666667 0.666666666666667 3 2 2
2 0.666666666666667 3 2 2
2.33333333333333 0.666666666666667 3 2 2
2.66666666666667 0.666666666666667 3 2 2
3 0.666666666666667 3 2 2
0 1 3 2 2
0.333333333333333 1 3 2 2
0.666666666666667 1 3 2 2
1 1 3 2 2
1.33333333333333 1 3 2 2
1.66666666666667 1 3 2 2
2 1 3 2 2
2.33333333333333 1 3 2 2
2.66666666666667 1 3 2 2
3 1 3 2 2
0 1.33333333333333 3 2 2
0.333333333333333 1.33333333333333 3 2 2
0.666666666666667 1.33333333333333 3 2 2
1 1.33333333333333 3 2 2
1.33333333333333 1.33333333333333 3 2 2
1.66666666666667 1.33333333333333 3 2 2
2 1.33333333333333 3 2 2
2.33333333333333 1.33333333333333 3 2 2
2.66666666666667 1.33333333333333 3 2 2
3 1.33333333333333 3 2 2
0 1.66666666666667 3 2 2
0.333333333333333 1.66666666666667 3 2 2
0.666666666666667 1.66666666666667 3 2 2
1 1.66666666666667 3 2 2
1.33333333333333 1.66666666666667 3 2 2
1.66666666666667 1.66666666666667 3 2 2
2 1.66666666666667 3 2 2
2.33333333333333 1.66666666666667 3 2 2
2.66666666666667 1.66666666666667 3 2 2
3 1.66666666666667 3 2 2
0 2 3 2 2
0.333333333333333 2 3 2 2
0.666666666666667 2 3 2 2
1 2 3 2 2
1.33333333333333 2 3 2 2
1.66666666666667 2 3 2 2
2 2 3 2 2
2.33333333333333 2 3 2 2
2.66666666666667 2 3 2 2
3 2 3 2 2
0 2.33333333333333 3 2 2
0.333333333333333 2.33333333333333 3 2 2
0.666666666666667 2.33333333333333 3 2 2
1 2.33333333333333 3 2 2
1.33333333333333 2.33333333333333 3 2 2
1.66666666666667 2.33333333333333 3 2 2
2 2.33333333333333 3 2 2
2.33333333333333 2.33333333333333 3 2 2
2.66666666666667 2.33333333333333 3 2 2
3 2.33333333333333 3 2 2
0 2.66666666666667 3 2 2
0.333333333333333 2.66666666666667 3 2 2
0.666666666666667 2.66666666666667 3 2 2
1 2.66666666666667 3 2 2
1.33333333333333 2.66666666666667 3 2 2
1.66666666666667 2.66666666666667 3 2 2
2 2.66666666666667 3 2 2
2.33333333333333 2.66666666666667 3 2 2
2.66666666666667 2.66666666666667 3 2 2
3 2.66666666666667 3 2 2
0 3 3 2 2
0.333333333333333 3 3 2 2
0.666666666666667 3 3 2 2
1 3 3 2 2
1.33333333333333 3 3 2 2
1.66666666666667 3 3 2 2
2 3 3 2 2
2.33333333333333 3 3 2 2
2.66666666666667 3 3 2 2
3 3 3 2 2
0 0 1 1 3
0.333333333333333 0 1 1 3
0.666666666666667 0 1 1 3
1 0 1 1 3
1.33333333333333 0 1 1 3
1.66666666666667 0 1 1 3
2 0 1 1 3
2.33333333333333 0 1 1 3
2.66666666666667 0 1 1 3
3 0 1 1 3
0 0.333333333333333 1 1 3
0.333333333333333 0.333333333333333 1 1 3
0.666666666666667 0.333333333333333 1 1 3
1 0.333333333333333 1 1 3
1.33333333333333 0.333333333333333 1 1 3
1.66666666666667 0.333333333333333 1 1 3
2 0.333333333333333 1 1 3
2.33333333333333 0.333333333333333 1 1 3
2.66666666666667 0.333333333333333 1 1 3
3 0.333333333333333 1 1 3
0 0.666666666666667 1 1 3
0.333333333333333 0.666666666666667 1 1 3
0.666666666666667 0.666666666666667 1 1 3
1 0.666666666666667 1 1 3
1.33333333333333 0.666666666666667 1 1 3
1.66666666666667 0.666666666666667 1 1 3
2 0.666666666666667 1 1 3
2.33333333333333 0.666666666666667 1 1 3
2.66666666666667 0.666666666666667 1 1 3
3 0.666666666666667 1 1 3
0 1 1 1 3
0.333333333333333 1 1 1 3
0.666666666666667 1 1 1 3
1 1 1 1 3
1.33333333333333 1 1 1 3
1.66666666666667 1 1 1 3
2 1 1 1 3
2.33333333333333 1 1 1 3
2.66666666666667 1 1 1 3
3 1 1 1 3
0 1.33333333333333 1 1 3
0.333333333333333 1.33333333333333 1 1 3
0.666666666666667 1.33333333333333 1 1 3
1 1.33333333333333 1 1 3
1.33333333333333 1.33333333333333 1 1 3
1.66666666666667 1.33333333333333 1 1 3
2 1.33333333333333 1 1 3
2.33333333333333 1.33333333333333 1 1 3
2.66666666666667 1.33333333333333 1 1 3
3 1.33333333333333 1 1 3
0 1.66666666666667 1 1 3
0.333333333333333 1.66666666666667 1 1 3
0.666666666666667 1.66666666666667 1 1 3
1 1.66666666666667 1 1 3
1.33333333333333 1.66666666666667 1 1 3
1.66666666666667 1.66666666666667 1 1 3
2 1.66666666666667 1 1 3
2.33333333333333 1.66666666666667 1 1 3
2.66666666666667 1.66666666666667 1 1 3
3 1.66666666666667 1 1 3
0 2 1 1 3
0.333333333333333 2 1 1 3
0.666666666666667 2 1 1 3
1 2 1 1 3
1.33333333333333 2 1 1 3
1.66666666666667 2 1 1 3
2 2 1 1 3
2.33333333333333 2 1 1 3
2.66666666666667 2 1 1 3
3 2 1 1 3
0 2.33333333333333 1 1 3
0.333333333333333 2.33333333333333 1 1 3
0.666666666666667 2.33333333333333 1 1 3
1 2.33333333333333 1 1 3
1.33333333333333 2.33333333333333 1 1 3
1.66666666666667 2.33333333333333 1 1 3
2 2.33333333333333 1 1 3
2.33333333333333 2.33333333333333 1 1 3
2.66666666666667 2.33333333333333 1 1 3
3 2.33333333333333 1 1 3
0 2.66666666666667 1 1 3
0.333333333333333 2.66666666666667 1 1 3
0.666666666666667 2.66666666666667 1 1 3
1 2.66666666666667 1 1 3
1.33333333333333 2.66666666666667 1 1 3
1.66666666666667 2.66666666666667 1 1 3
2 2.66666666666667 1 1 3
2.33333333333333 2.66666666666667 1 1 3
2.66666666666667 2.66666666666667 1 1 3
3 2.66666666666667 1 1 3
0 3 1 1 3
0.333333333333333 3 1 1 3
0.666666666666667 3 1 1 3
1 3 1 1 3
1.33333333333333 3 1 1 3
1.66666666666667 3 1 1 3
2 3 1 1 3
2.33333333333333 3 1 1 3
2.66666666666667 3 1 1 3
3 3 1 1 3
0 0 2 1 3
0.333333333333333 0 2 1 3
0.666666666666667 0 2 1 3
1 0 2 1 3
1.33333333333333 0 2 1 3
1.66666666666667 0 2 1 3
2 0 2 1 3
2.33333333333333 0 2 1 3
2.66666666666667 0 2 1 3
3 0 2 1 3
0 0.333333333333333 2 1 3
0.333333333333333 0.333333333333333 2 1 3
0.666666666666667 0.333333333333333 2 1 3
1 0.333333333333333 2 1 3
1.33333333333333 0.333333333333333 2 1 3
1.66666666666667 0.333333333333333 2 1 3
2 0.333333333333333 2 1 3
2.33333333333333 0.333333333333333 2 1 3
2.66666666666667 0.333333333333333 2 1 3
3 0.333333333333333 2 1 3
0 0.666666666666667 2 1 3
0.333333333333333 0.666666666666667 2 1 3
0.666666666666667 0.666666666666667 2 1 3
1 0.666666666666667 2 1 3
1.33333333333333 0.666666666666667 2 1 3
1.66666666666667 0.666666666666667 2 1 3
2 0.666666666666667 2 1 3
2.33333333333333 0.666666666666667 2 1 3
2.66666666666667 0.666666666666667 2 1 3
3 0.666666666666667 2 1 3
0 1 2 1 3
0.333333333333333 1 2 1 3
0.666666666666667 1 2 1 3
1 1 2 1 3
1.33333333333333 1 2 1 3
1.66666666666667 1 2 1 3
2 1 2 1 3
2.33333333333333 1 2 1 3
2.66666666666667 1 2 1 3
3 1 2 1 3
0 1.33333333333333 2 1 3
0.333333333333333 1.33333333333333 2 1 3
0.666666666666667 1.33333333333333 2 1 3
1 1.33333333333333 2 1 3
1.33333333333333 1.33333333333333 2 1 3
1.66666666666667 1.33333333333333 2 1 3
2 1.33333333333333 2 1 3
2.33333333333333 1.33333333333333 2 1 3
2.66666666666667 1.33333333333333 2 1 3
3 1.33333333333333 2 1 3
0 1.66666666666667 2 1 3
0.333333333333333 1.66666666666667 2 1 3
0.666666666666667 1.66666666666667 2 1 3
1 1.66666666666667 2 1 3
1.33333333333333 1.66666666666667 2 1 3
1.66666666666667 1.66666666666667 2 1 3
2 1.66666666666667 2 1 3
2.33333333333333 1.66666666666667 2 1 3
2.66666666666667 1.66666666666667 2 1 3
3 1.66666666666667 2 1 3
0 2 2 1 3
0.333333333333333 2 2 1 3
0.666666666666667 2 2 1 3
1 2 2 1 3
1.33333333333333 2 2 1 3
1.66666666666667 2 2 1 3
2 2 2 1 3
2.33333333333333 2 2 1 3
2.66666666666667 2 2 1 3
3 2 2 1 3
0 2.33333333333333 2 1 3
0.333333333333333 2.33333333333333 2 1 3
0.666666666666667 2.33333333333333 2 1 3
1 2.33333333333333 2 1 3
1.33333333333333 2.33333333333333 2 1 3
1.66666666666667 2.33333333333333 2 1 3
2 2.33333333333333 2 1 3
2.33333333333333 2.33333333333333 2 1 3
2.66666666666667 2.33333333333333 2 1 3
3 2.33333333333333 2 1 3
0 2.66666666666667 2 1 3
0.333333333333333 2.66666666666667 2 1 3
0.666666666666667 2.66666666666667 2 1 3
1 2.66666666666667 2 1 3
1.33333333333333 2.66666666666667 2 1 3
1.66666666666667 2.66666666666667 2 1 3
2 2.66666666666667 2 1 3
2.33333333333333 2.66666666666667 2 1 3
2.66666666666667 2.66666666666667 2 1 3
3 2.66666666666667 2 1 3
0 3 2 1 3
0.333333333333333 3 2 1 3
0.666666666666667 3 2 1 3
1 3 2 1 3
1.33333333333333 3 2 1 3
1.66666666666667 3 2 1 3
2 3 2 1 3
2.33333333333333 3 2 1 3
2.66666666666667 3 2 1 3
3 3 2 1 3
0 0 3 1 3
0.333333333333333 0 3 1 3
0.666666666666667 0 3 1 3
1 0 3 1 3
1.33333333333333 0 3 1 3
1.66666666666667 0 3 1 3
2 0 3 1 3
2.33333333333333 0 3 1 3
2.66666666666667 0 3 1 3
3 0 3 1 3
0 0.333333333333333 3 1 3
0.333333333333333 0.333333333333333 3 1 3
0.666666666666667 0.333333333333333 3 1 3
1 0.333333333333333 3 1 3
1.33333333333333 0.333333333333333 3 1 3
1.66666666666667 0.333333333333333 3 1 3
2 0.333333333333333 3 1 3
2.33333333333333 0.333333333333333 3 1 3
2.66666666666667 0.333333333333333 3 1 3
3 0.333333333333333 3 1 3
0 0.666666666666667 3 1 3
0.333333333333333 0.666666666666667 3 1 3
0.666666666666667 0.666666666666667 3 1 3
1 0.666666666666667 3 1 3
1.33333333333333 0.666666666666667 3 1 3
1.66666666666667 0.666666666666667 3 1 3
2 0.666666666666667 3 1 3
2.33333333333333 0.666666666666667 3 1 3
2.66666666666667 0.666666666666667 3 1 3
3 0.666666666666667 3 1 3
0 1 3 1 3
0.333333333333333 1 3 1 3
0.666666666666667 1 3 1 3
1 1 3 1 3
1.33333333333333 1 3 1 3
1.66666666666667 1 3 1 3
2 1 3 1 3
2.33333333333333 1 3 1 3
2.66666666666667 1 3 1 3
3 1 3 1 3
0 1.33333333333333 3 1 3
0.333333333333333 1.33333333333333 3 1 3
0.666666666666667 1.33333333333333 3 1 3
1 1.33333333333333 3 1 3
1.33333333333333 1.33333333333333 3 1 3
1.66666666666667 1.33333333333333 3 1 3
2 1.33333333333333 3 1 3
2.33333333333333 1.33333333333333 3 1 3
2.66666666666667 1.33333333333333 3 1 3
3 1.33333333333333 3 1 3
0 1.66666666666667 3 1 3
0.333333333333333 1.66666666666667 3 1 3
0.666666666666667 1.66666666666667 3 1 3
1 1.66666666666667 3 1 3
1.33333333333333 1.66666666666667 3 1 3
1.66666666666667 1.66666666666667 3 1 3
2 1.66666666666667 3 1 3
2.33333333333333 1.66666666666667 3 1 3
2.66666666666667 1.66666666666667 3 1 3
3 1.66666666666667 3 1 3
0 2 3 1 3
0.333333333333333 2 3 1 3
0.666666666666667 2 3 1 3
1 2 3 1 3
1.33333333333333 2 3 1 3
1.66666666666667 2 3 1 3
2 2 3 1 3
2.33333333333333 2 3 1 3
2.66666666666667 2 3 1 3
3 2 3 1 3
0 2.33333333333333 3 1 3
0.333333333333333 2.33333333333333 3 1 3
0.666666666666667 2.33333333333333 3 1 3
1 2.33333333333333 3 1 3
1.33333333333333 2.33333333333333 3 1 3
1.66666666666667 2.33333333333333 3 1 3
2 2.33333333333333 3 1 3
2.33333333333333 2.33333333333333 3 1 3
2.66666666666667 2.33333333333333 3 1 3
3 2.33333333333333 3 1 3
0 2.66666666666667 3 1 3
0.333333333333333 2.66666666666667 3 1 3
0.666666666666667 2.66666666666667 3 1 3
1 2.66666666666667 3 1 3
1.33333333333333 2.66666666666667 3 1 3
1.66666666666667 2.66666666666667 3 1 3
2 2.66666666666667 3 1 3
2.33333333333333 2.66666666666667 3 1 3
2.66666666666667 2.66666666666667 3 1 3
3 2.66666666666667 3 1 3
0 3 3 1 3
0.333333333333333 3 3 1 3
0.666666666666667 3 3 1 3
1 3 3 1 3
1.33333333333333 3 3 1 3
1.66666666666667 3 3 1 3
2 3 3 1 3
2.33333333333333 3 3 1 3
2.66666666666667 3 3 1 3
3 3 3 1 3
0 0 1 2 3
0.333333333333333 0 1 2 3
0.666666666666667 0 1 2 3
1 0 1 2 3
1.33333333333333 0 1 2 3
1.66666666666667 0 1 2 3
2 0 1 2 3
2.33333333333333 0 1 2 3
2.66666666666667 0 1 2 3
3 0 1 2 3
0 0.333333333333333 1 2 3
0.333333333333333 0.333333333333333 1 2 3
0.666666666666667 0.333333333333333 1 2 3
1 0.333333333333333 1 2 3
1.33333333333333 0.333333333333333 1 2 3
1.66666666666667 0.333333333333333 1 2 3
2 0.333333333333333 1 2 3
2.33333333333333 0.333333333333333 1 2 3
2.66666666666667 0.333333333333333 1 2 3
3 0.333333333333333 1 2 3
0 0.666666666666667 1 2 3
0.333333333333333 0.666666666666667 1 2 3
0.666666666666667 0.666666666666667 1 2 3
1 0.666666666666667 1 2 3
1.33333333333333 0.666666666666667 1 2 3
1.66666666666667 0.666666666666667 1 2 3
2 0.666666666666667 1 2 3
2.33333333333333 0.666666666666667 1 2 3
2.66666666666667 0.666666666666667 1 2 3
3 0.666666666666667 1 2 3
0 1 1 2 3
0.333333333333333 1 1 2 3
0.666666666666667 1 1 2 3
1 1 1 2 3
1.33333333333333 1 1 2 3
1.66666666666667 1 1 2 3
2 1 1 2 3
2.33333333333333 1 1 2 3
2.66666666666667 1 1 2 3
3 1 1 2 3
0 1.33333333333333 1 2 3
0.333333333333333 1.33333333333333 1 2 3
0.666666666666667 1.33333333333333 1 2 3
1 1.33333333333333 1 2 3
1.33333333333333 1.33333333333333 1 2 3
1.66666666666667 1.33333333333333 1 2 3
2 1.33333333333333 1 2 3
2.33333333333333 1.33333333333333 1 2 3
2.66666666666667 1.33333333333333 1 2 3
3 1.33333333333333 1 2 3
0 1.66666666666667 1 2 3
0.333333333333333 1.66666666666667 1 2 3
0.666666666666667 1.66666666666667 1 2 3
1 1.66666666666667 1 2 3
1.33333333333333 1.66666666666667 1 2 3
1.66666666666667 1.66666666666667 1 2 3
2 1.66666666666667 1 2 3
2.33333333333333 1.66666666666667 1 2 3
2.66666666666667 1.66666666666667 1 2 3
3 1.66666666666667 1 2 3
0 2 1 2 3
0.333333333333333 2 1 2 3
0.666666666666667 2 1 2 3
1 2 1 2 3
1.33333333333333 2 1 2 3
1.66666666666667 2 1 2 3
2 2 1 2 3
2.33333333333333 2 1 2 3
2.66666666666667 2 1 2 3
3 2 1 2 3
0 2.33333333333333 1 2 3
0.333333333333333 2.33333333333333 1 2 3
0.666666666666667 2.33333333333333 1 2 3
1 2.33333333333333 1 2 3
1.33333333333333 2.33333333333333 1 2 3
1.66666666666667 2.33333333333333 1 2 3
2 2.33333333333333 1 2 3
2.33333333333333 2.33333333333333 1 2 3
2.66666666666667 2.33333333333333 1 2 3
3 2.33333333333333 1 2 3
0 2.66666666666667 1 2 3
0.333333333333333 2.66666666666667 1 2 3
0.666666666666667 2.66666666666667 1 2 3
1 2.66666666666667 1 2 3
1.33333333333333 2.66666666666667 1 2 3
1.66666666666667 2.66666666666667 1 2 3
2 2.66666666666667 1 2 3
2.33333333333333 2.66666666666667 1 2 3
2.66666666666667 2.66666666666667 1 2 3
3 2.66666666666667 1 2 3
0 3 1 2 3
0.333333333333333 3 1 2 3
0.666666666666667 3 1 2 3
1 3 1 2 3
1.33333333333333 3 1 2 3
1.66666666666667 3 1 2 3
2 3 1 2 3
2.33333333333333 3 1 2 3
2.66666666666667 3 1 2 3
3 3 1 2 3
0 0 2 2 3
0.333333333333333 0 2 2 3
0.666666666666667 0 2 2 3
1 0 2 2 3
1.33333333333333 0 2 2 3
1.66666666666667 0 2 2 3
2 0 2 2 3
2.33333333333333 0 2 2 3
2.66666666666667 0 2 2 3
3 0 2 2 3
0 0.333333333333333 2 2 3
0.333333333333333 0.333333333333333 2 2 3
0.666666666666667 0.333333333333333 2 2 3
1 0.333333333333333 2 2 3
1.33333333333333 0.333333333333333 2 2 3
1.66666666666667 0.333333333333333 2 2 3
2 0.333333333333333 2 2 3
2.33333333333333 0.333333333333333 2 2 3
2.66666666666667 0.333333333333333 2 2 3
3 0.333333333333333 2 2 3
0 0.666666666666667 2 2 3
0.333333333333333 0.666666666666667 2 2 3
0.666666666666667 0.666666666666667 2 2 3
1 0.666666666666667 2 2 3
1.33333333333333 0.666666666666667 2 2 3
1.66666666666667 0.666666666666667 2 2 3
2 0.666666666666667 2 2 3
2.33333333333333 0.666666666666667 2 2 3
2.66666666666667 0.666666666666667 2 2 3
3 0.666666666666667 2 2 3
0 1 2 2 3
0.333333333333333 1 2 2 3
0.666666666666667 1 2 2 3
1 1 2 2 3
1.33333333333333 1 2 2 3
1.66666666666667 1 2 2 3
2 1 2 2 3
2.33333333333333 1 2 2 3
2.66666666666667 1 2 2 3
3 1 2 2 3
0 1.33333333333333 2 2 3
0.333333333333333 1.33333333333333 2 2 3
0.666666666666667 1.33333333333333 2 2 3
1 1.33333333333333 2 2 3
1.33333333333333 1.33333333333333 2 2 3
1.66666666666667 1.33333333333333 2 2 3
2 1.33333333333333 2 2 3
2.33333333333333 1.33333333333333 2 2 3
2.66666666666667 1.33333333333333 2 2 3
3 1.33333333333333 2 2 3
0 1.66666666666667 2 2 3
0.333333333333333 1.66666666666667 2 2 3
0.666666666666667 1.66666666666667 2 2 3
1 1.66666666666667 2 2 3
1.33333333333333 1.66666666666667 2 2 3
1.66666666666667 1.66666666666667 2 2 3
2 1.66666666666667 2 2 3
2.33333333333333 1.66666666666667 2 2 3
2.66666666666667 1.66666666666667 2 2 3
3 1.66666666666667 2 2 3
0 2 2 2 3
0.333333333333333 2 2 2 3
0.666666666666667 2 2 2 3
1 2 2 2 3
1.33333333333333 2 2 2 3
1.66666666666667 2 2 2 3
2 2 2 2 3
2.33333333333333 2 2 2 3
2.66666666666667 2 2 2 3
3 2 2 2 3
0 2.33333333333333 2 2 3
0.333333333333333 2.33333333333333 2 2 3
0.666666666666667 2.33333333333333 2 2 3
1 2.33333333333333 2 2 3
1.33333333333333 2.33333333333333 2 2 3
1.66666666666667 2.33333333333333 2 2 3
2 2.33333333333333 2 2 3
2.33333333333333 2.33333333333333 2 2 3
2.66666666666667 2.33333333333333 2 2 3
3 2.33333333333333 2 2 3
0 2.66666666666667 2 2 3
0.333333333333333 2.66666666666667 2 2 3
0.666666666666667 2.66666666666667 2 2 3
1 2.66666666666667 2 2 3
1.33333333333333 2.66666666666667 2 2 3
1.66666666666667 2.66666666666667 2 2 3
2 2.66666666666667 2 2 3
2.33333333333333 2.66666666666667 2 2 3
2.66666666666667 2.66666666666667 2 2 3
3 2.66666666666667 2 2 3
0 3 2 2 3
0.333333333333333 3 2 2 3
0.666666666666667 3 2 2 3
1 3 2 2 3
1.33333333333333 3 2 2 3
1.66666666666667 3 2 2 3
2 3 2 2 3
2.33333333333333 3 2 2 3
2.66666666666667 3 2 2 3
3 3 2 2 3
0 0 3 2 3
0.333333333333333 0 3 2 3
0.666666666666667 0 3 2 3
1 0 3 2 3
1.33333333333333 0 3 2 3
1.66666666666667 0 3 2 3
2 0 3 2 3
2.33333333333333 0 3 2 3
2.66666666666667 0 3 2 3
3 0 3 2 3
0 0.333333333333333 3 2 3
0.333333333333333 0.333333333333333 3 2 3
0.666666666666667 0.333333333333333 3 2 3
1 0.333333333333333 3 2 3
1.33333333333333 0.333333333333333 3 2 3
1.66666666666667 0.333333333333333 3 2 3
2 0.333333333333333 3 2 3
2.33333333333333 0.333333333333333 3 2 3
2.66666666666667 0.333333333333333 3 2 3
3 0.333333333333333 3 2 3
0 0.666666666666667 3 2 3
0.333333333333333 0.666666666666667 3 2 3
0.666666666666667 0.666666666666667 3 2 3
1 0.666666666666667 3 2 3
1.33333333333333 0.666666666666667 3 2 3
1.66666666666667 0.666666666666667 3 2 3
2 0.666666666666667 3 2 3
2.33333333333333 0.666666666666667 3 2 3
2.66666666666667 0.666666666666667 3 2 3
3 0.666666666666667 3 2 3
0 1 3 2 3
0.333333333333333 1 3 2 3
0.666666666666667 1 3 2 3
1 1 3 2 3
1.33333333333333 1 3 2 3
1.66666666666667 1 3 2 3
2 1 3 2 3
2.33333333333333 1 3 2 3
2.66666666666667 1 3 2 3
3 1 3 2 3
0 1.33333333333333 3 2 3
0.333333333333333 1.33333333333333 3 2 3
0.666666666666667 1.33333333333333 3 2 3
1 1.33333333333333 3 2 3
1.33333333333333 1.33333333333333 3 2 3
1.66666666666667 1.33333333333333 3 2 3
2 1.33333333333333 3 2 3
2.33333333333333 1.33333333333333 3 2 3
2.66666666666667 1.33333333333333 3 2 3
3 1.33333333333333 3 2 3
0 1.66666666666667 3 2 3
0.333333333333333 1.66666666666667 3 2 3
0.666666666666667 1.66666666666667 3 2 3
1 1.66666666666667 3 2 3
1.33333333333333 1.66666666666667 3 2 3
1.66666666666667 1.66666666666667 3 2 3
2 1.66666666666667 3 2 3
2.33333333333333 1.66666666666667 3 2 3
2.66666666666667 1.66666666666667 3 2 3
3 1.66666666666667 3 2 3
0 2 3 2 3
0.333333333333333 2 3 2 3
0.666666666666667 2 3 2 3
1 2 3 2 3
1.33333333333333 2 3 2 3
1.66666666666667 2 3 2 3
2 2 3 2 3
2.33333333333333 2 3 2 3
2.66666666666667 2 3 2 3
3 2 3 2 3
0 2.33333333333333 3 2 3
0.333333333333333 2.33333333333333 3 2 3
0.666666666666667 2.33333333333333 3 2 3
1 2.33333333333333 3 2 3
1.33333333333333 2.33333333333333 3 2 3
1.66666666666667 2.33333333333333 3 2 3
2 2.33333333333333 3 2 3
2.33333333333333 2.33333333333333 3 2 3
2.66666666666667 2.33333333333333 3 2 3
3 2.33333333333333 3 2 3
0 2.66666666666667 3 2 3
0.333333333333333 2.66666666666667 3 2 3
0.666666666666667 2.66666666666667 3 2 3
1 2.66666666666667 3 2 3
1.33333333333333 2.66666666666667 3 2 3
1.66666666666667 2.66666666666667 3 2 3
2 2.66666666666667 3 2 3
2.33333333333333 2.66666666666667 3 2 3
2.66666666666667 2.66666666666667 3 2 3
3 2.66666666666667 3 2 3
0 3 3 2 3
0.333333333333333 3 3 2 3
0.666666666666667 3 3 2 3
1 3 3 2 3
1.33333333333333 3 3 2 3
1.66666666666667 3 3 2 3
2 3 3 2 3
2.33333333333333 3 3 2 3
2.66666666666667 3 3 2 3
3 3 3 2 3
