1 1 0.85
2 1 0.85
3 1 0.85
1 2 0.85
2 2 0.85
3 2 0.85
1 3 0.85
2 3 0.85
3 3 0.85
1 4 0.85
2 4 0.85
3 4 0.85
1 5 0.85
2 5 0.85
3 5 0.85
1 6 0.85
2 6 0.85
3 6 0.85
1 7 0.85
2 7 0.85
3 7 0.85
1 8 0.85
2 8 0.85
3 8 0.85
1 9 0.85
2 9 0.85
3 9 0.85
1 10 0.85
2 10 0.85
3 10 0.85
1 11 0.85
2 11 0.85
3 11 0.85
1 12 0.85
2 12 0.85
3 12 0.85
1 13 0.85
2 13 0.85
3 13 0.85
1 14 0.85
2 14 0.85
3 14 0.85
1 15 0.85
2 15 0.85
3 15 0.85
1 16 0.85
2 16 0.85
3 16 0.85
1 17 0.85
2 17 0.85
3 17 0.85
1 18 0.85
2 18 0.85
3 18 0.85
1 19 0.85
2 19 0.85
3 19 0.85
1 20 0.85
2 20 0.85
3 20 0.85
1 1 0.9
2 1 0.9
3 1 0.9
1 2 0.9
2 2 0.9
3 2 0.9
1 3 0.9
2 3 0.9
3 3 0.9
1 4 0.9
2 4 0.9
3 4 0.9
1 5 0.9
2 5 0.9
3 5 0.9
1 6 0.9
2 6 0.9
3 6 0.9
1 7 0.9
2 7 0.9
3 7 0.9
1 8 0.9
2 8 0.9
3 8 0.9
1 9 0.9
2 9 0.9
3 9 0.9
1 10 0.9
2 10 0.9
3 10 0.9
1 11 0.9
2 11 0.9
3 11 0.9
1 12 0.9
2 12 0.9
3 12 0.9
1 13 0.9
2 13 0.9
3 13 0.9
1 14 0.9
2 14 0.9
3 14 0.9
1 15 0.9
2 15 0.9
3 15 0.9
1 16 0.9
2 16 0.9
3 16 0.9
1 17 0.9
2 17 0.9
3 17 0.9
1 18 0.9
2 18 0.9
3 18 0.9
1 19 0.9
2 19 0.9
3 19 0.9
1 20 0.9
2 20 0.9
3 20 0.9
1 1 0.95
2 1 0.95
3 1 0.95
1 2 0.95
2 2 0.95
3 2 0.95
1 3 0.95
2 3 0.95
3 3 0.95
1 4 0.95
2 4 0.95
3 4 0.95
1 5 0.95
2 5 0.95
3 5 0.95
1 6 0.95
2 6 0.95
3 6 0.95
1 7 0.95
2 7 0.95
3 7 0.95
1 8 0.95
2 8 0.95
3 8 0.95
1 9 0.95
2 9 0.95
3 9 0.95
1 10 0.95
2 10 0.95
3 10 0.95
1 11 0.95
2 11 0.95
3 11 0.95
1 12 0.95
2 12 0.95
3 12 0.95
1 13 0.95
2 13 0.95
3 13 0.95
1 14 0.95
2 14 0.95
3 14 0.95
1 15 0.95
2 15 0.95
3 15 0.95
1 16 0.95
2 16 0.95
3 16 0.95
1 17 0.95
2 17 0.95
3 17 0.95
1 18 0.95
2 18 0.95
3 18 0.95
1 19 0.95
2 19 0.95
3 19 0.95
1 20 0.95
2 20 0.95
3 20 0.95
